# Undirected graph (each unordered pair of nodes is saved once): rand.txt
# Save as tab-separated list of edges
# Nodes: 400 Edges: 2000
# NodeId	NodeId
0	26
0	97
0	113
0	134
0	162
0	191
0	232
0	285
0	343
0	374
1	32
1	33
1	51
1	72
1	127
1	132
1	138
1	160
1	162
1	182
1	189
1	217
1	252
1	341
1	366
1	395
2	51
2	53
2	91
2	105
2	149
2	170
2	213
2	255
2	314
2	346
3	34
3	37
3	72
3	135
3	186
3	194
3	196
3	258
3	280
3	291
3	351
3	389
4	67
4	93
4	107
4	142
4	167
4	197
4	205
4	206
4	245
4	254
4	270
4	295
4	322
4	332
4	334
4	361
4	381
5	40
5	62
5	101
5	114
5	141
5	192
5	290
5	323
5	355
5	370
5	391
6	76
6	80
6	133
6	151
6	154
6	156
6	160
6	176
6	238
6	276
6	389
7	40
7	151
7	157
7	191
7	292
7	310
7	318
7	396
8	65
8	147
8	149
8	158
8	264
8	270
8	355
9	83
9	121
9	199
9	209
9	282
9	310
9	319
9	369
9	370
9	381
9	389
10	13
10	32
10	33
10	54
10	68
10	71
10	139
10	160
10	183
10	189
10	223
10	289
10	393
11	27
11	51
11	77
11	95
11	110
11	167
11	201
11	218
12	20
12	24
12	56
12	116
12	161
12	168
12	236
13	156
13	210
13	258
13	260
13	277
13	292
13	302
13	308
13	348
13	372
13	383
13	391
14	52
14	61
14	96
14	149
14	190
14	215
14	350
14	376
15	17
15	46
15	124
15	185
15	226
15	233
15	274
15	278
15	289
15	307
15	336
15	346
15	384
15	399
16	18
16	52
16	150
16	209
16	323
16	334
16	340
17	39
17	84
17	155
17	206
17	234
17	239
17	240
17	275
17	301
17	391
18	32
18	95
18	127
18	192
18	204
18	263
18	296
18	300
18	313
18	347
18	391
19	31
19	67
19	73
19	162
19	175
19	212
19	232
19	288
19	306
19	399
20	47
20	207
20	243
20	272
20	296
20	343
20	387
20	395
21	87
21	95
21	123
21	139
21	149
21	163
21	190
21	234
21	236
21	243
21	248
21	276
21	354
21	355
21	378
22	149
22	152
22	175
22	183
22	210
22	357
22	370
23	75
23	82
23	118
23	257
23	318
23	370
24	60
24	73
24	135
24	161
24	164
24	206
24	207
24	260
24	261
24	268
24	384
25	32
25	43
25	133
25	141
25	194
25	275
25	284
25	295
25	378
26	147
26	163
26	224
26	255
26	257
26	328
27	28
27	72
27	88
27	209
27	232
27	283
27	284
27	334
27	344
27	379
28	136
28	196
28	197
28	198
28	286
28	287
28	292
28	377
29	37
29	41
29	55
29	139
29	228
29	287
29	341
29	397
30	32
30	136
30	142
30	146
30	147
30	279
31	126
31	151
31	170
31	217
31	244
31	301
31	361
32	135
32	197
32	348
32	353
33	53
33	68
33	90
33	200
33	211
33	223
33	244
33	272
33	309
33	343
34	138
34	150
34	166
34	206
34	228
34	272
34	274
34	300
34	303
34	309
34	321
34	352
35	64
35	93
35	108
35	109
35	155
35	166
35	186
35	231
35	260
35	281
35	308
35	372
36	91
36	121
36	258
36	269
36	290
36	371
36	395
37	53
37	89
37	131
37	151
37	161
37	173
37	270
37	281
37	343
37	375
37	382
38	40
38	62
38	75
38	101
38	131
38	177
38	188
38	215
38	296
38	318
38	321
38	324
38	368
39	49
39	58
39	69
39	109
39	123
39	156
39	231
39	288
39	303
39	324
39	325
40	47
40	81
40	172
40	190
40	256
40	271
40	272
40	310
40	333
41	53
41	69
41	76
41	175
41	187
41	232
41	343
41	385
42	63
42	85
42	95
42	130
42	136
42	139
42	195
42	199
42	208
42	214
42	241
42	283
42	288
42	290
42	322
42	339
42	347
43	174
43	180
43	184
43	216
43	345
43	380
44	73
44	107
44	162
44	174
44	202
44	213
44	236
44	249
44	252
44	253
44	298
44	339
44	349
44	351
45	105
45	124
45	242
45	271
45	341
45	369
45	370
45	390
46	134
46	136
46	167
46	226
46	235
46	250
46	265
46	366
46	377
46	389
47	85
47	101
47	153
47	165
47	181
47	191
47	250
47	269
47	282
47	294
47	300
47	326
47	342
47	374
47	391
48	102
48	125
48	196
48	208
48	318
48	365
49	219
49	227
49	265
49	296
49	316
50	143
50	231
50	326
50	328
50	329
50	375
51	93
51	97
51	316
51	333
52	54
52	60
52	63
52	75
52	137
52	176
52	280
52	302
52	367
53	55
53	106
53	114
53	120
53	121
53	142
53	155
53	156
53	191
53	287
53	297
53	355
53	375
54	113
54	175
54	176
54	197
54	199
54	202
54	216
54	224
54	305
55	111
55	343
56	145
56	255
56	296
56	329
56	361
56	378
56	391
57	81
57	85
57	91
57	126
57	150
57	195
57	197
57	205
57	217
57	219
57	275
57	293
57	336
57	373
58	59
58	102
58	140
58	203
58	212
58	246
58	283
58	291
58	299
58	305
58	307
58	329
59	100
59	197
59	231
59	232
59	249
59	356
59	377
60	101
60	150
60	163
60	206
60	232
60	325
60	350
60	368
60	369
60	393
61	89
61	100
61	110
61	113
61	158
61	169
61	176
61	198
61	236
61	318
61	337
61	377
62	132
62	172
62	276
62	277
62	325
62	374
62	398
63	77
63	133
63	151
63	343
63	399
64	108
64	133
64	165
64	180
64	200
64	338
65	172
65	210
65	220
65	288
65	291
65	341
65	344
66	118
66	140
66	212
66	242
66	245
66	287
66	326
67	111
67	113
67	306
67	343
68	84
68	140
68	143
68	153
68	159
68	160
68	201
68	249
69	72
69	92
69	132
69	167
69	196
69	206
69	265
69	276
69	308
69	329
69	350
69	394
70	253
70	265
70	268
70	292
71	102
71	144
71	201
71	206
71	233
71	237
71	301
71	334
71	374
71	387
72	74
72	134
72	245
72	385
72	397
73	89
73	99
73	115
73	139
73	169
73	199
73	217
73	239
73	271
73	316
73	395
74	81
74	131
74	147
74	166
74	221
74	228
74	245
74	261
74	327
75	81
75	146
75	160
75	217
75	230
75	322
75	333
75	352
76	181
76	196
76	223
76	235
76	337
77	121
77	123
77	222
77	257
77	282
77	298
77	310
77	336
77	354
78	190
78	199
78	232
78	352
78	378
79	98
79	191
79	239
79	264
79	291
79	295
79	360
79	367
80	91
80	101
80	173
80	180
80	222
80	229
80	289
80	292
80	298
80	314
80	349
80	356
81	87
81	189
81	358
81	384
81	389
82	143
82	177
82	221
82	252
82	281
82	295
82	333
82	358
83	189
83	202
83	241
83	320
84	97
84	128
84	199
84	224
84	264
84	273
84	296
84	324
84	373
85	93
85	170
85	173
85	177
85	183
85	296
85	321
86	121
86	218
86	281
86	288
86	322
86	332
87	127
87	172
87	205
87	233
87	270
87	277
87	297
87	304
87	314
87	365
87	383
88	138
88	187
88	267
88	279
88	298
88	369
88	385
89	159
89	169
89	177
89	345
89	351
90	97
90	116
90	153
90	219
90	234
90	309
90	313
90	348
91	105
91	114
91	185
91	214
91	229
91	234
91	266
91	307
91	358
92	94
92	105
92	199
92	215
92	226
92	322
92	383
93	94
93	119
93	174
93	272
93	367
94	126
94	128
94	177
94	178
94	228
94	270
94	296
94	304
94	319
95	101
95	180
95	193
95	211
95	235
95	238
95	298
95	312
95	314
95	376
95	396
96	161
96	162
96	247
96	287
96	352
96	366
97	101
97	112
97	232
97	281
97	387
98	161
98	232
98	233
98	239
98	249
98	360
98	389
99	168
99	189
99	220
99	221
99	246
99	278
99	319
99	361
99	364
99	373
99	399
100	103
100	104
100	107
100	158
100	199
100	214
100	276
100	355
100	375
101	117
101	138
101	168
101	202
101	213
101	278
102	108
102	114
102	158
102	186
102	223
102	239
102	258
102	277
102	278
103	143
103	180
103	214
103	220
104	117
104	152
104	187
104	237
104	259
104	267
104	367
105	182
105	198
105	216
105	250
105	287
105	330
105	344
105	358
105	394
106	141
106	169
106	177
106	206
106	217
106	223
106	252
106	313
106	393
107	112
107	130
107	139
107	147
107	189
107	197
107	358
107	359
107	360
107	366
107	388
108	119
108	121
108	130
108	164
108	170
108	355
108	393
109	116
109	175
109	260
109	339
110	116
110	191
110	284
110	320
110	379
110	396
111	119
111	127
111	163
111	182
111	224
111	247
111	309
111	391
112	151
112	174
112	219
112	237
112	307
112	317
112	324
112	377
113	126
113	171
113	272
113	281
114	121
114	148
114	185
114	235
114	329
114	331
114	358
114	364
115	131
115	170
115	219
115	227
115	318
115	332
115	345
115	357
116	175
116	221
116	239
116	299
116	342
117	202
117	307
117	331
117	335
117	339
117	366
117	390
118	147
118	241
118	242
118	254
118	272
118	293
118	295
118	319
118	333
118	340
118	354
118	360
118	379
119	159
119	194
119	340
119	350
119	357
119	386
119	393
120	141
120	173
120	227
120	253
120	273
120	294
120	329
121	163
121	229
121	315
121	336
121	351
122	140
122	164
122	205
122	230
122	250
122	266
122	355
122	374
123	130
123	163
123	266
123	271
123	317
123	335
124	152
124	186
124	207
124	292
124	376
124	395
125	136
125	220
125	308
126	152
126	153
126	218
126	374
127	148
127	153
127	180
127	250
127	258
127	300
128	155
128	249
128	295
128	308
128	326
128	357
129	130
129	136
129	182
129	245
129	315
129	321
129	340
130	216
130	221
130	274
130	332
130	340
130	393
131	136
131	162
131	172
131	186
131	202
131	278
131	298
131	392
132	146
132	281
132	283
132	322
133	284
133	326
133	398
134	143
134	149
134	159
134	171
134	178
134	216
134	237
134	336
135	141
135	154
135	182
135	279
135	313
135	316
135	336
136	145
136	148
136	220
136	261
136	311
136	353
136	375
137	162
137	223
137	279
137	293
137	355
137	380
137	387
138	152
138	173
138	280
138	298
138	330
138	350
139	179
139	227
139	242
139	283
139	332
139	367
139	387
140	196
140	229
140	230
140	242
140	260
140	295
141	157
141	225
141	227
141	230
141	292
141	334
141	362
141	367
142	189
142	200
142	230
142	272
142	273
142	278
142	294
142	298
142	349
143	155
143	158
143	163
143	169
143	321
144	180
144	186
144	268
144	367
144	370
145	157
145	160
145	186
145	231
145	239
145	251
145	294
145	301
145	323
145	369
145	397
146	223
146	236
146	309
146	331
146	362
147	259
147	262
147	263
147	292
147	305
147	311
147	314
147	334
147	381
147	383
147	388
148	227
148	261
148	307
148	336
148	368
149	193
149	211
149	215
149	291
149	337
149	348
150	233
150	237
150	317
150	354
150	380
151	153
151	177
151	398
152	241
152	339
152	384
153	233
153	248
153	258
153	288
153	341
153	391
154	178
154	219
154	221
154	240
154	281
154	288
154	322
155	177
155	192
155	202
155	214
156	176
156	227
156	233
156	241
156	268
156	285
156	389
157	161
157	215
157	256
157	276
157	323
158	160
158	341
159	173
159	190
159	194
159	223
159	224
159	245
159	300
159	308
160	259
160	313
160	318
161	208
161	246
161	260
161	311
161	366
161	376
162	244
162	366
163	164
163	169
163	256
163	300
164	222
164	258
164	260
164	280
164	366
164	392
165	186
165	224
165	351
166	248
166	264
166	272
166	316
166	362
167	253
167	357
167	397
168	173
168	177
168	226
168	291
168	398
169	249
169	266
169	336
170	224
170	288
170	303
170	370
171	212
171	255
172	190
172	211
172	254
172	269
173	178
173	188
173	273
173	275
173	336
173	337
173	386
174	222
174	252
174	389
175	217
175	253
175	339
175	348
175	384
176	263
176	292
176	372
176	383
177	249
177	262
177	355
177	379
178	184
178	188
178	287
178	370
178	389
179	330
180	184
180	189
180	214
180	218
180	228
180	265
180	338
180	359
180	366
180	389
181	299
181	315
182	205
182	253
182	257
182	277
182	324
182	337
182	348
182	354
182	365
183	218
183	250
183	259
183	271
183	309
183	340
183	350
183	375
184	260
184	262
184	299
184	324
184	373
184	390
184	394
185	282
185	287
185	321
185	368
186	246
186	276
186	290
186	336
186	338
186	340
186	345
186	362
187	226
187	258
187	281
187	297
187	320
187	337
187	390
188	257
188	277
188	348
188	361
189	235
189	274
189	296
190	202
190	210
190	235
190	310
190	315
190	324
190	331
190	383
190	387
190	398
191	200
191	265
191	268
191	270
191	354
191	384
191	395
192	193
192	273
192	299
192	310
192	331
192	334
192	355
192	379
193	215
193	230
193	242
193	324
193	356
193	369
194	211
194	239
194	245
194	350
194	372
195	204
195	207
195	215
195	259
195	298
195	304
195	326
195	386
196	221
196	352
196	384
196	398
197	254
197	332
197	374
198	237
198	268
198	323
198	335
198	368
198	378
198	391
199	201
199	211
199	241
199	280
199	295
199	303
199	359
199	366
200	239
200	317
200	333
200	379
200	381
201	252
201	298
202	266
202	281
202	382
203	226
203	271
204	241
204	245
204	396
205	213
205	233
205	235
205	274
205	281
205	307
205	333
205	348
206	245
206	247
206	325
207	397
208	253
208	270
208	281
208	287
208	321
208	382
208	389
208	395
209	259
209	263
209	343
209	367
209	375
210	244
210	282
210	309
210	313
210	319
210	349
211	283
211	326
211	351
211	357
212	253
212	335
212	350
212	356
213	363
213	389
214	234
214	238
214	253
214	280
214	314
214	351
214	360
215	307
215	326
215	378
215	390
216	245
216	252
216	265
216	300
216	369
217	249
217	260
217	283
217	286
217	364
217	383
217	394
218	239
218	251
218	293
218	364
218	369
219	225
219	310
219	376
219	398
220	237
220	241
220	242
220	285
220	295
220	347
221	223
221	355
222	305
222	321
222	340
222	343
223	283
223	300
223	334
223	357
223	359
223	372
223	394
224	249
224	280
224	340
224	377
225	316
225	359
225	382
225	384
225	385
226	242
226	332
227	275
227	317
227	338
227	384
227	397
228	254
228	308
228	387
228	398
229	255
229	380
230	257
230	264
230	294
230	360
230	368
231	240
231	341
231	366
231	375
231	394
232	271
232	288
232	396
233	281
233	293
233	294
233	325
233	350
233	374
233	381
234	235
234	300
234	351
235	236
235	260
235	326
235	383
236	249
236	251
236	301
236	339
236	349
236	358
236	383
236	390
237	263
237	265
237	271
237	331
237	338
237	388
238	251
238	390
239	253
239	265
239	285
239	326
240	242
240	244
240	245
240	297
240	318
240	348
240	349
240	357
240	386
241	251
241	256
241	262
242	249
242	253
242	326
242	331
242	364
243	254
243	294
243	330
243	332
243	346
243	356
243	364
243	383
243	388
244	273
244	299
244	307
245	267
245	368
246	254
246	340
246	362
246	372
247	298
247	341
247	366
247	369
247	380
248	262
248	298
248	327
249	262
249	279
249	288
249	290
249	392
250	286
250	357
250	374
250	380
251	303
251	309
251	318
251	368
251	374
251	389
252	269
252	286
253	260
253	384
254	255
254	306
254	307
254	332
254	334
255	335
255	379
255	382
255	386
256	337
256	376
256	392
257	260
257	264
257	327
257	375
258	285
258	347
258	386
259	273
259	320
259	342
259	360
260	263
260	267
260	311
260	360
260	367
261	301
261	379
261	385
261	397
262	327
262	363
263	392
264	295
264	303
264	338
264	341
264	342
265	317
265	318
266	301
266	338
266	354
266	392
267	296
267	297
267	335
267	369
267	372
267	393
267	394
268	276
269	279
269	280
269	296
269	323
269	337
269	358
269	395
270	272
270	286
270	291
270	316
270	326
270	328
271	289
271	323
271	339
271	364
272	368
273	292
273	309
273	312
273	324
273	356
274	287
274	289
274	290
274	332
275	299
275	365
275	385
276	285
276	347
277	279
277	292
277	341
277	348
277	386
278	316
278	325
278	345
278	398
279	312
279	316
279	339
279	368
279	392
280	335
280	354
280	397
281	290
281	315
281	363
281	369
281	386
281	395
282	298
282	328
282	362
283	284
283	289
283	331
284	370
285	348
285	354
285	369
286	345
286	356
286	370
287	320
287	363
287	375
287	380
288	292
288	362
289	298
289	355
289	374
289	375
289	378
290	324
291	292
291	294
291	341
292	338
292	343
292	353
292	362
293	344
293	358
293	359
293	373
293	375
294	387
294	399
295	368
295	384
296	344
296	349
296	365
296	396
297	344
297	379
298	309
298	356
299	318
299	339
299	346
299	349
299	379
299	385
300	301
302	322
302	366
302	375
303	308
303	323
305	327
306	316
306	381
307	331
308	314
308	320
309	349
309	381
309	385
309	392
309	393
310	317
310	336
310	395
311	333
311	335
311	341
311	352
311	358
311	374
312	375
313	337
314	344
314	380
314	384
314	393
315	339
315	382
316	375
317	332
317	350
318	342
318	344
318	352
318	381
319	359
319	366
319	384
319	386
320	397
321	395
322	337
323	327
323	372
323	373
324	367
325	332
325	354
326	337
326	344
326	345
326	355
326	362
327	338
327	365
328	336
328	343
328	363
328	377
331	350
331	363
331	383
332	348
332	385
333	397
334	386
335	398
338	375
339	378
339	392
340	366
342	349
343	362
344	370
344	379
345	352
346	349
346	363
346	364
347	364
347	391
348	379
348	393
349	381
350	384
351	370
352	372
353	381
354	373
356	361
357	367
358	364
358	386
358	388
359	366
359	398
361	377
361	390
362	376
363	391
364	371
365	366
365	387
367	396
368	379
369	380
373	375
374	381
378	396
379	380
379	397
380	387
382	392
389	393
397	398
